!!
!!
!!number of beams (1), number of cross-section properties (2), flag for property input type (3):
5	120	1
!!
!!
!! beam monopile: number of nodes (1), number of elements (2):
21	20
!!
!!
!! beam monopile: nodal phi (1, 2, 3), nodal d1 (4, 5, 6), nodal d2 (7, 8, 9), nodal d3 (10, 11, 12):
   0.000000000000000d0	   0.000000000000000d0	 -30.000000000000000d0	   1.000000000000000d0	   0.000000000000000d0	   0.000000000000000d0	   0.000000000000000d0	   1.000000000000000d0	   0.000000000000000d0	   0.000000000000000d0	   0.000000000000000d0	   1.000000000000000d0	
   0.000000000000000d0	   0.000000000000000d0	 -27.749774977497751d0	   1.000000000000000d0	   0.000000000000000d0	   0.000000000000000d0	   0.000000000000000d0	   1.000000000000000d0	   0.000000000000000d0	   0.000000000000000d0	   0.000000000000000d0	   1.000000000000000d0	
   0.000000000000000d0	   0.000000000000000d0	 -25.499549954995501d0	   1.000000000000000d0	   0.000000000000000d0	   0.000000000000000d0	   0.000000000000000d0	   1.000000000000000d0	   0.000000000000000d0	   0.000000000000000d0	   0.000000000000000d0	   1.000000000000000d0	
   0.000000000000000d0	   0.000000000000000d0	 -23.249324932493248d0	   1.000000000000000d0	   0.000000000000000d0	   0.000000000000000d0	   0.000000000000000d0	   1.000000000000000d0	   0.000000000000000d0	   0.000000000000000d0	   0.000000000000000d0	   1.000000000000000d0	
   0.000000000000000d0	   0.000000000000000d0	 -20.999099909990999d0	   1.000000000000000d0	   0.000000000000000d0	   0.000000000000000d0	   0.000000000000000d0	   1.000000000000000d0	   0.000000000000000d0	   0.000000000000000d0	   0.000000000000000d0	   1.000000000000000d0	
   0.000000000000000d0	   0.000000000000000d0	 -18.748874887488750d0	   1.000000000000000d0	   0.000000000000000d0	   0.000000000000000d0	   0.000000000000000d0	   1.000000000000000d0	   0.000000000000000d0	   0.000000000000000d0	   0.000000000000000d0	   1.000000000000000d0	
   0.000000000000000d0	   0.000000000000000d0	 -16.498649864986497d0	   1.000000000000000d0	   0.000000000000000d0	   0.000000000000000d0	   0.000000000000000d0	   1.000000000000000d0	   0.000000000000000d0	   0.000000000000000d0	   0.000000000000000d0	   1.000000000000000d0	
   0.000000000000000d0	   0.000000000000000d0	 -14.248424842484248d0	   1.000000000000000d0	   0.000000000000000d0	   0.000000000000000d0	   0.000000000000000d0	   1.000000000000000d0	   0.000000000000000d0	   0.000000000000000d0	   0.000000000000000d0	   1.000000000000000d0	
   0.000000000000000d0	   0.000000000000000d0	 -11.998199819981998d0	   1.000000000000000d0	   0.000000000000000d0	   0.000000000000000d0	   0.000000000000000d0	   1.000000000000000d0	   0.000000000000000d0	   0.000000000000000d0	   0.000000000000000d0	   1.000000000000000d0	
   0.000000000000000d0	   0.000000000000000d0	  -9.748088169140800d0	   1.000000000000000d0	   0.000000000000000d0	   0.000000000000000d0	   0.000000000000000d0	   1.000000000000000d0	   0.000000000000000d0	   0.000000000000000d0	   0.000000000000000d0	   1.000000000000000d0	
   0.000000000000000d0	   0.000000000000000d0	  -7.498875393612236d0	   1.000000000000000d0	   0.000000000000000d0	   0.000000000000000d0	   0.000000000000000d0	   1.000000000000000d0	   0.000000000000000d0	   0.000000000000000d0	   0.000000000000000d0	   1.000000000000000d0	
   0.000000000000000d0	   0.000000000000000d0	  -5.249662618083669d0	   1.000000000000000d0	   0.000000000000000d0	   0.000000000000000d0	   0.000000000000000d0	   1.000000000000000d0	   0.000000000000000d0	   0.000000000000000d0	   0.000000000000000d0	   1.000000000000000d0	
   0.000000000000000d0	   0.000000000000000d0	  -3.000449842555106d0	   1.000000000000000d0	   0.000000000000000d0	   0.000000000000000d0	   0.000000000000000d0	   1.000000000000000d0	   0.000000000000000d0	   0.000000000000000d0	   0.000000000000000d0	   1.000000000000000d0	
   0.000000000000000d0	   0.000000000000000d0	  -0.751237067026544d0	   1.000000000000000d0	   0.000000000000000d0	   0.000000000000000d0	   0.000000000000000d0	   1.000000000000000d0	   0.000000000000000d0	   0.000000000000000d0	   0.000000000000000d0	   1.000000000000000d0	
   0.000000000000000d0	   0.000000000000000d0	   1.498649864986498d0	   1.000000000000000d0	   0.000000000000000d0	   0.000000000000000d0	   0.000000000000000d0	   1.000000000000000d0	   0.000000000000000d0	   0.000000000000000d0	   0.000000000000000d0	   1.000000000000000d0	
   0.000000000000000d0	   0.000000000000000d0	   3.748874887488750d0	   1.000000000000000d0	   0.000000000000000d0	   0.000000000000000d0	   0.000000000000000d0	   1.000000000000000d0	   0.000000000000000d0	   0.000000000000000d0	   0.000000000000000d0	   1.000000000000000d0	
   0.000000000000000d0	   0.000000000000000d0	   5.999099909991002d0	   1.000000000000000d0	   0.000000000000000d0	   0.000000000000000d0	   0.000000000000000d0	   1.000000000000000d0	   0.000000000000000d0	   0.000000000000000d0	   0.000000000000000d0	   1.000000000000000d0	
   0.000000000000000d0	   0.000000000000000d0	   8.249324932493248d0	   1.000000000000000d0	   0.000000000000000d0	   0.000000000000000d0	   0.000000000000000d0	   1.000000000000000d0	   0.000000000000000d0	   0.000000000000000d0	   0.000000000000000d0	   1.000000000000000d0	
   0.000000000000000d0	   0.000000000000000d0	  10.499549954995500d0	   1.000000000000000d0	   0.000000000000000d0	   0.000000000000000d0	   0.000000000000000d0	   1.000000000000000d0	   0.000000000000000d0	   0.000000000000000d0	   0.000000000000000d0	   1.000000000000000d0	
   0.000000000000000d0	   0.000000000000000d0	  12.749774977497747d0	   1.000000000000000d0	   0.000000000000000d0	   0.000000000000000d0	   0.000000000000000d0	   1.000000000000000d0	   0.000000000000000d0	   0.000000000000000d0	   0.000000000000000d0	   1.000000000000000d0	
   0.000000000000000d0	   0.000000000000000d0	  15.000000000000000d0	   1.000000000000000d0	   0.000000000000000d0	   0.000000000000000d0	   0.000000000000000d0	   1.000000000000000d0	   0.000000000000000d0	   0.000000000000000d0	   0.000000000000000d0	   1.000000000000000d0	
!!
!!
!! beam monopile: connectivities (1, 2), cross-section property (3):
1	2	1
2	3	2
3	4	3
4	5	4
5	6	5
6	7	6
7	8	7
8	9	8
9	10	9
10	11	10
11	12	11
12	13	12
13	14	13
14	15	14
15	16	15
16	17	16
17	18	17
18	19	18
19	20	19
20	21	20
!!
!!
!! beam tower: number of nodes (1), number of elements (2):
51	50
!!
!!
!! beam tower: nodal phi (1, 2, 3), nodal d1 (4, 5, 6), nodal d2 (7, 8, 9), nodal d3 (10, 11, 12):
   0.000000000000000d0	   0.000000000000000d0	  15.000000000000000d0	   1.000000000000000d0	   0.000000000000000d0	   0.000000000000000d0	   0.000000000000000d0	   1.000000000000000d0	   0.000000000000000d0	   0.000000000000000d0	   0.000000000000000d0	   1.000000000000000d0	
   0.000000000000000d0	   0.000000000000000d0	  17.587720000000001d0	   1.000000000000000d0	   0.000000000000000d0	   0.000000000000000d0	   0.000000000000000d0	   1.000000000000000d0	   0.000000000000000d0	   0.000000000000000d0	   0.000000000000000d0	   1.000000000000000d0	
   0.000000000000000d0	   0.000000000000000d0	  20.175440000000002d0	   1.000000000000000d0	   0.000000000000000d0	   0.000000000000000d0	   0.000000000000000d0	   1.000000000000000d0	   0.000000000000000d0	   0.000000000000000d0	   0.000000000000000d0	   1.000000000000000d0	
   0.000000000000000d0	   0.000000000000000d0	  22.763159999999999d0	   1.000000000000000d0	   0.000000000000000d0	   0.000000000000000d0	   0.000000000000000d0	   1.000000000000000d0	   0.000000000000000d0	   0.000000000000000d0	   0.000000000000000d0	   1.000000000000000d0	
   0.000000000000000d0	   0.000000000000000d0	  25.350880000000000d0	   1.000000000000000d0	   0.000000000000000d0	   0.000000000000000d0	   0.000000000000000d0	   1.000000000000000d0	   0.000000000000000d0	   0.000000000000000d0	   0.000000000000000d0	   1.000000000000000d0	
   0.000000000000000d0	   0.000000000000000d0	  27.938600000000001d0	   1.000000000000000d0	   0.000000000000000d0	   0.000000000000000d0	   0.000000000000000d0	   1.000000000000000d0	   0.000000000000000d0	   0.000000000000000d0	   0.000000000000000d0	   1.000000000000000d0	
   0.000000000000000d0	   0.000000000000000d0	  30.526319999999998d0	   1.000000000000000d0	   0.000000000000000d0	   0.000000000000000d0	   0.000000000000000d0	   1.000000000000000d0	   0.000000000000000d0	   0.000000000000000d0	   0.000000000000000d0	   1.000000000000000d0	
   0.000000000000000d0	   0.000000000000000d0	  33.114040000000003d0	   1.000000000000000d0	   0.000000000000000d0	   0.000000000000000d0	   0.000000000000000d0	   1.000000000000000d0	   0.000000000000000d0	   0.000000000000000d0	   0.000000000000000d0	   1.000000000000000d0	
   0.000000000000000d0	   0.000000000000000d0	  35.701760000000000d0	   1.000000000000000d0	   0.000000000000000d0	   0.000000000000000d0	   0.000000000000000d0	   1.000000000000000d0	   0.000000000000000d0	   0.000000000000000d0	   0.000000000000000d0	   1.000000000000000d0	
   0.000000000000000d0	   0.000000000000000d0	  38.289479999999998d0	   1.000000000000000d0	   0.000000000000000d0	   0.000000000000000d0	   0.000000000000000d0	   1.000000000000000d0	   0.000000000000000d0	   0.000000000000000d0	   0.000000000000000d0	   1.000000000000000d0	
   0.000000000000000d0	   0.000000000000000d0	  40.877200000000002d0	   1.000000000000000d0	   0.000000000000000d0	   0.000000000000000d0	   0.000000000000000d0	   1.000000000000000d0	   0.000000000000000d0	   0.000000000000000d0	   0.000000000000000d0	   1.000000000000000d0	
   0.000000000000000d0	   0.000000000000000d0	  43.464919999999999d0	   1.000000000000000d0	   0.000000000000000d0	   0.000000000000000d0	   0.000000000000000d0	   1.000000000000000d0	   0.000000000000000d0	   0.000000000000000d0	   0.000000000000000d0	   1.000000000000000d0	
   0.000000000000000d0	   0.000000000000000d0	  46.052639999999997d0	   1.000000000000000d0	   0.000000000000000d0	   0.000000000000000d0	   0.000000000000000d0	   1.000000000000000d0	   0.000000000000000d0	   0.000000000000000d0	   0.000000000000000d0	   1.000000000000000d0	
   0.000000000000000d0	   0.000000000000000d0	  48.640360000000001d0	   1.000000000000000d0	   0.000000000000000d0	   0.000000000000000d0	   0.000000000000000d0	   1.000000000000000d0	   0.000000000000000d0	   0.000000000000000d0	   0.000000000000000d0	   1.000000000000000d0	
   0.000000000000000d0	   0.000000000000000d0	  51.228080000000006d0	   1.000000000000000d0	   0.000000000000000d0	   0.000000000000000d0	   0.000000000000000d0	   1.000000000000000d0	   0.000000000000000d0	   0.000000000000000d0	   0.000000000000000d0	   1.000000000000000d0	
   0.000000000000000d0	   0.000000000000000d0	  53.815799999999996d0	   1.000000000000000d0	   0.000000000000000d0	   0.000000000000000d0	   0.000000000000000d0	   1.000000000000000d0	   0.000000000000000d0	   0.000000000000000d0	   0.000000000000000d0	   1.000000000000000d0	
   0.000000000000000d0	   0.000000000000000d0	  56.403520000000000d0	   1.000000000000000d0	   0.000000000000000d0	   0.000000000000000d0	   0.000000000000000d0	   1.000000000000000d0	   0.000000000000000d0	   0.000000000000000d0	   0.000000000000000d0	   1.000000000000000d0	
   0.000000000000000d0	   0.000000000000000d0	  58.991240000000005d0	   1.000000000000000d0	   0.000000000000000d0	   0.000000000000000d0	   0.000000000000000d0	   1.000000000000000d0	   0.000000000000000d0	   0.000000000000000d0	   0.000000000000000d0	   1.000000000000000d0	
   0.000000000000000d0	   0.000000000000000d0	  61.578959999999995d0	   1.000000000000000d0	   0.000000000000000d0	   0.000000000000000d0	   0.000000000000000d0	   1.000000000000000d0	   0.000000000000000d0	   0.000000000000000d0	   0.000000000000000d0	   1.000000000000000d0	
   0.000000000000000d0	   0.000000000000000d0	  64.166679999999999d0	   1.000000000000000d0	   0.000000000000000d0	   0.000000000000000d0	   0.000000000000000d0	   1.000000000000000d0	   0.000000000000000d0	   0.000000000000000d0	   0.000000000000000d0	   1.000000000000000d0	
   0.000000000000000d0	   0.000000000000000d0	  66.754400000000004d0	   1.000000000000000d0	   0.000000000000000d0	   0.000000000000000d0	   0.000000000000000d0	   1.000000000000000d0	   0.000000000000000d0	   0.000000000000000d0	   0.000000000000000d0	   1.000000000000000d0	
   0.000000000000000d0	   0.000000000000000d0	  69.342119999999994d0	   1.000000000000000d0	   0.000000000000000d0	   0.000000000000000d0	   0.000000000000000d0	   1.000000000000000d0	   0.000000000000000d0	   0.000000000000000d0	   0.000000000000000d0	   1.000000000000000d0	
   0.000000000000000d0	   0.000000000000000d0	  71.929839999999999d0	   1.000000000000000d0	   0.000000000000000d0	   0.000000000000000d0	   0.000000000000000d0	   1.000000000000000d0	   0.000000000000000d0	   0.000000000000000d0	   0.000000000000000d0	   1.000000000000000d0	
   0.000000000000000d0	   0.000000000000000d0	  74.517560000000003d0	   1.000000000000000d0	   0.000000000000000d0	   0.000000000000000d0	   0.000000000000000d0	   1.000000000000000d0	   0.000000000000000d0	   0.000000000000000d0	   0.000000000000000d0	   1.000000000000000d0	
   0.000000000000000d0	   0.000000000000000d0	  77.105279999999993d0	   1.000000000000000d0	   0.000000000000000d0	   0.000000000000000d0	   0.000000000000000d0	   1.000000000000000d0	   0.000000000000000d0	   0.000000000000000d0	   0.000000000000000d0	   1.000000000000000d0	
   0.000000000000000d0	   0.000000000000000d0	  79.692999999999998d0	   1.000000000000000d0	   0.000000000000000d0	   0.000000000000000d0	   0.000000000000000d0	   1.000000000000000d0	   0.000000000000000d0	   0.000000000000000d0	   0.000000000000000d0	   1.000000000000000d0	
   0.000000000000000d0	   0.000000000000000d0	  82.280720000000002d0	   1.000000000000000d0	   0.000000000000000d0	   0.000000000000000d0	   0.000000000000000d0	   1.000000000000000d0	   0.000000000000000d0	   0.000000000000000d0	   0.000000000000000d0	   1.000000000000000d0	
   0.000000000000000d0	   0.000000000000000d0	  84.868440000000007d0	   1.000000000000000d0	   0.000000000000000d0	   0.000000000000000d0	   0.000000000000000d0	   1.000000000000000d0	   0.000000000000000d0	   0.000000000000000d0	   0.000000000000000d0	   1.000000000000000d0	
   0.000000000000000d0	   0.000000000000000d0	  87.456160000000011d0	   1.000000000000000d0	   0.000000000000000d0	   0.000000000000000d0	   0.000000000000000d0	   1.000000000000000d0	   0.000000000000000d0	   0.000000000000000d0	   0.000000000000000d0	   1.000000000000000d0	
   0.000000000000000d0	   0.000000000000000d0	  90.043880000000001d0	   1.000000000000000d0	   0.000000000000000d0	   0.000000000000000d0	   0.000000000000000d0	   1.000000000000000d0	   0.000000000000000d0	   0.000000000000000d0	   0.000000000000000d0	   1.000000000000000d0	
   0.000000000000000d0	   0.000000000000000d0	  92.631599999999992d0	   1.000000000000000d0	   0.000000000000000d0	   0.000000000000000d0	   0.000000000000000d0	   1.000000000000000d0	   0.000000000000000d0	   0.000000000000000d0	   0.000000000000000d0	   1.000000000000000d0	
   0.000000000000000d0	   0.000000000000000d0	  95.219319999999996d0	   1.000000000000000d0	   0.000000000000000d0	   0.000000000000000d0	   0.000000000000000d0	   1.000000000000000d0	   0.000000000000000d0	   0.000000000000000d0	   0.000000000000000d0	   1.000000000000000d0	
   0.000000000000000d0	   0.000000000000000d0	  97.807040000000001d0	   1.000000000000000d0	   0.000000000000000d0	   0.000000000000000d0	   0.000000000000000d0	   1.000000000000000d0	   0.000000000000000d0	   0.000000000000000d0	   0.000000000000000d0	   1.000000000000000d0	
   0.000000000000000d0	   0.000000000000000d0	 100.394759999999991d0	   1.000000000000000d0	   0.000000000000000d0	   0.000000000000000d0	   0.000000000000000d0	   1.000000000000000d0	   0.000000000000000d0	   0.000000000000000d0	   0.000000000000000d0	   1.000000000000000d0	
   0.000000000000000d0	   0.000000000000000d0	 102.982479999999995d0	   1.000000000000000d0	   0.000000000000000d0	   0.000000000000000d0	   0.000000000000000d0	   1.000000000000000d0	   0.000000000000000d0	   0.000000000000000d0	   0.000000000000000d0	   1.000000000000000d0	
   0.000000000000000d0	   0.000000000000000d0	 105.570200000000000d0	   1.000000000000000d0	   0.000000000000000d0	   0.000000000000000d0	   0.000000000000000d0	   1.000000000000000d0	   0.000000000000000d0	   0.000000000000000d0	   0.000000000000000d0	   1.000000000000000d0	
   0.000000000000000d0	   0.000000000000000d0	 108.157919999999990d0	   1.000000000000000d0	   0.000000000000000d0	   0.000000000000000d0	   0.000000000000000d0	   1.000000000000000d0	   0.000000000000000d0	   0.000000000000000d0	   0.000000000000000d0	   1.000000000000000d0	
   0.000000000000000d0	   0.000000000000000d0	 110.745639999999995d0	   1.000000000000000d0	   0.000000000000000d0	   0.000000000000000d0	   0.000000000000000d0	   1.000000000000000d0	   0.000000000000000d0	   0.000000000000000d0	   0.000000000000000d0	   1.000000000000000d0	
   0.000000000000000d0	   0.000000000000000d0	 113.333359999999999d0	   1.000000000000000d0	   0.000000000000000d0	   0.000000000000000d0	   0.000000000000000d0	   1.000000000000000d0	   0.000000000000000d0	   0.000000000000000d0	   0.000000000000000d0	   1.000000000000000d0	
   0.000000000000000d0	   0.000000000000000d0	 115.921080000000003d0	   1.000000000000000d0	   0.000000000000000d0	   0.000000000000000d0	   0.000000000000000d0	   1.000000000000000d0	   0.000000000000000d0	   0.000000000000000d0	   0.000000000000000d0	   1.000000000000000d0	
   0.000000000000000d0	   0.000000000000000d0	 118.508800000000008d0	   1.000000000000000d0	   0.000000000000000d0	   0.000000000000000d0	   0.000000000000000d0	   1.000000000000000d0	   0.000000000000000d0	   0.000000000000000d0	   0.000000000000000d0	   1.000000000000000d0	
   0.000000000000000d0	   0.000000000000000d0	 121.096520000000012d0	   1.000000000000000d0	   0.000000000000000d0	   0.000000000000000d0	   0.000000000000000d0	   1.000000000000000d0	   0.000000000000000d0	   0.000000000000000d0	   0.000000000000000d0	   1.000000000000000d0	
   0.000000000000000d0	   0.000000000000000d0	 123.684240000000003d0	   1.000000000000000d0	   0.000000000000000d0	   0.000000000000000d0	   0.000000000000000d0	   1.000000000000000d0	   0.000000000000000d0	   0.000000000000000d0	   0.000000000000000d0	   1.000000000000000d0	
   0.000000000000000d0	   0.000000000000000d0	 126.271959999999993d0	   1.000000000000000d0	   0.000000000000000d0	   0.000000000000000d0	   0.000000000000000d0	   1.000000000000000d0	   0.000000000000000d0	   0.000000000000000d0	   0.000000000000000d0	   1.000000000000000d0	
   0.000000000000000d0	   0.000000000000000d0	 128.859679999999997d0	   1.000000000000000d0	   0.000000000000000d0	   0.000000000000000d0	   0.000000000000000d0	   1.000000000000000d0	   0.000000000000000d0	   0.000000000000000d0	   0.000000000000000d0	   1.000000000000000d0	
   0.000000000000000d0	   0.000000000000000d0	 131.447400000000016d0	   1.000000000000000d0	   0.000000000000000d0	   0.000000000000000d0	   0.000000000000000d0	   1.000000000000000d0	   0.000000000000000d0	   0.000000000000000d0	   0.000000000000000d0	   1.000000000000000d0	
   0.000000000000000d0	   0.000000000000000d0	 134.035120000000006d0	   1.000000000000000d0	   0.000000000000000d0	   0.000000000000000d0	   0.000000000000000d0	   1.000000000000000d0	   0.000000000000000d0	   0.000000000000000d0	   0.000000000000000d0	   1.000000000000000d0	
   0.000000000000000d0	   0.000000000000000d0	 136.622839999999997d0	   1.000000000000000d0	   0.000000000000000d0	   0.000000000000000d0	   0.000000000000000d0	   1.000000000000000d0	   0.000000000000000d0	   0.000000000000000d0	   0.000000000000000d0	   1.000000000000000d0	
   0.000000000000000d0	   0.000000000000000d0	 139.210559999999987d0	   1.000000000000000d0	   0.000000000000000d0	   0.000000000000000d0	   0.000000000000000d0	   1.000000000000000d0	   0.000000000000000d0	   0.000000000000000d0	   0.000000000000000d0	   1.000000000000000d0	
   0.000000000000000d0	   0.000000000000000d0	 141.798280000000005d0	   1.000000000000000d0	   0.000000000000000d0	   0.000000000000000d0	   0.000000000000000d0	   1.000000000000000d0	   0.000000000000000d0	   0.000000000000000d0	   0.000000000000000d0	   1.000000000000000d0	
   0.000000000000000d0	   0.000000000000000d0	 144.385999999999996d0	   1.000000000000000d0	   0.000000000000000d0	   0.000000000000000d0	   0.000000000000000d0	   1.000000000000000d0	   0.000000000000000d0	   0.000000000000000d0	   0.000000000000000d0	   1.000000000000000d0	
!!
!!
!! beam tower: connectivities (1, 2), cross-section property (3):
1	2	21
2	3	22
3	4	23
4	5	24
5	6	25
6	7	26
7	8	27
8	9	28
9	10	29
10	11	30
11	12	31
12	13	32
13	14	33
14	15	34
15	16	35
16	17	36
17	18	37
18	19	38
19	20	39
20	21	40
21	22	41
22	23	42
23	24	43
24	25	44
25	26	45
26	27	46
27	28	47
28	29	48
29	30	49
30	31	50
31	32	51
32	33	52
33	34	53
34	35	54
35	36	55
36	37	56
37	38	57
38	39	58
39	40	59
40	41	60
41	42	61
42	43	62
43	44	63
44	45	64
45	46	65
46	47	66
47	48	67
48	49	68
49	50	69
50	51	70
!!
!!
!! beam blade 1: number of nodes (1), number of elements (2):
51	50
!!
!!
!! beam blade 1: nodal phi (1, 2, 3), nodal d1 (4, 5, 6), nodal d2 (7, 8, 9), nodal d3 (10, 11, 12):
 -11.550413280571721d0	   0.000000000000000d0	 153.941324638972219d0	  -0.268131406915592d0	  -0.963159531013752d0	   0.020718746169468d0	   0.957695148666796d0	  -0.268820272207355d0	  -0.102740758564688d0	   0.104525359820233d0	  -0.007705781448570d0	   0.994492368038447d0	
 -11.305816676525414d0	  -0.018032063961176d0	 156.268505874133979d0	  -0.268244902257347d0	  -0.963171852540724d0	   0.018564883145771d0	   0.957663590567327d0	  -0.268702707383020d0	  -0.103340710016576d0	   0.104523297473056d0	  -0.009941706005776d0	   0.994472746115777d0	
 -11.061220072479104d0	  -0.041296805757773d0	 158.595687109295739d0	  -0.265619723121836d0	  -0.963941844769888d0	   0.016195140947346d0	   0.958395305223278d0	  -0.265838041391391d0	  -0.103964295193922d0	   0.104520819048929d0	  -0.012093620252590d0	   0.994449165485359d0	
 -10.816623468432795d0	  -0.069597946825415d0	 160.922868344457498d0	  -0.258360159113757d0	  -0.965945671464315d0	   0.014106309300052d0	   0.960377946542571d0	  -0.258396028753714d0	  -0.104430321837023d0	   0.104519031651601d0	  -0.013433246207109d0	   0.994432159535758d0	
 -10.572026864386485d0	  -0.101034579481269d0	 163.250049579619258d0	  -0.247287052419113d0	  -0.968862729459594d0	   0.012414715863601d0	   0.963288656418611d0	  -0.247206076064365d0	  -0.104709695692839d0	   0.104518314763938d0	  -0.013934397043296d0	   0.994425338805255d0	
 -10.327430260340176d0	  -0.133644234582587d0	 165.577230814781018d0	  -0.233271238911246d0	  -0.972347491700061d0	   0.011175172545078d0	   0.966778342722614d0	  -0.233139769547879d0	  -0.104811659168619d0	   0.104518731045336d0	  -0.013645630793473d0	   0.994429299458197d0	
 -10.082833656293868d0	  -0.165577983861514d0	 167.904412049942778d0	  -0.217173961453633d0	  -0.976074062686979d0	   0.010718890626957d0	   0.970520959717640d0	  -0.217088172101555d0	  -0.104698578225093d0	   0.104520510978865d0	  -0.012334896973004d0	   0.994446234394491d0	
  -9.838237052247559d0	  -0.194443838827226d0	 170.231593285104537d0	  -0.200012659678510d0	  -0.979735981819653d0	   0.010599146013233d0	   0.974202216849674d0	  -0.200013687047901d0	  -0.104520647140577d0	   0.104522613120344d0	  -0.010579741082750d0	   0.994466234934659d0	
  -9.593640448201249d0	  -0.219201818591378d0	 172.558774520266297d0	  -0.182629699755133d0	  -0.983114450169482d0	   0.011505243817869d0	   0.977609765854158d0	  -0.182826328821065d0	  -0.104180992490903d0	   0.104525300640190d0	  -0.007778904663555d0	   0.994491804977956d0	
  -9.349043844154941d0	  -0.237405006262229d0	 174.885955755428057d0	  -0.165911025892678d0	  -0.986051199087950d0	   0.013287748660187d0	   0.980585296286317d0	  -0.166389638199012d0	  -0.103763987043094d0	   0.104527547538004d0	  -0.004185818583786d0	   0.994513182782649d0	
  -9.104447240108630d0	  -0.247199907557276d0	 177.213136990589817d0	  -0.150931092727207d0	  -0.988435007760562d0	   0.014698322405956d0	   0.983002350267822d0	  -0.151640565255081d0	  -0.103496465336056d0	   0.104528391435538d0	  -0.001172349136199d0	   0.994521211931350d0	
  -8.859850636062323d0	  -0.249943206421180d0	 179.540318225751577d0	  -0.138244720789588d0	  -0.990289436585433d0	   0.014670683730365d0	   0.984866588812149d0	  -0.139020904384294d0	  -0.103493914727849d0	   0.104528462225950d0	   0.000141178896580d0	   0.994521885457126d0	
  -8.615254032016013d0	  -0.249612847799892d0	 181.867499460913336d0	  -0.127080507348967d0	  -0.991793255655086d0	   0.014024360556403d0	   0.986369276648580d0	  -0.127850263237335d0	  -0.103585521545738d0	   0.104528439841399d0	   0.000669497745988d0	   0.994521672482350d0	
  -8.370657427969704d0	  -0.248046222723179d0	 184.194680696075096d0	  -0.116232059193846d0	  -0.993133484895673d0	   0.013266106984946d0	   0.987706394053241d0	  -0.116981948968136d0	  -0.103688489052359d0	   0.104528405526397d0	   0.001051092096640d0	   0.994521345996914d0	
  -8.126060823923394d0	  -0.245586665858387d0	 186.521861931236856d0	  -0.105658157953455d0	  -0.994324131417934d0	   0.012485004519620d0	   0.988893409239533d0	  -0.106384288522889d0	  -0.103789249530450d0	   0.104528363712845d0	   0.001380157763651d0	   0.994520948167540d0	
  -7.881464219877086d0	  -0.242357093615541d0	 188.849043166398616d0	  -0.095531493259438d0	  -0.995357102893726d0	   0.011746127644162d0	   0.989923010079764d0	  -0.096235826711017d0	  -0.103880218385733d0	   0.104528311524814d0	   0.001703929651935d0	   0.994520451631595d0	
  -7.636867615830777d0	  -0.238369892441836d0	 191.176224401560376d0	  -0.086002984287481d0	  -0.996235027928804d0	   0.010920431371714d0	   0.990796308830681d0	  -0.086673194020647d0	  -0.103973226581457d0	   0.104528278954231d0	   0.001877915321837d0	   0.994520141743198d0	
  -7.392271011784468d0	  -0.233975562840285d0	 193.503405636722135d0	  -0.077177843567494d0	  -0.996959638227427d0	   0.010726612126418d0	   0.991522796093713d0	  -0.077876026602427d0	  -0.104008986665216d0	   0.104528107649402d0	   0.002608491145680d0	   0.994518511886620d0	
  -7.147674407738159d0	  -0.227871672793235d0	 195.830586871883895d0	  -0.069018048993085d0	  -0.997541404421231d0	   0.012151352949682d0	   0.992124271316358d0	  -0.069909289898144d0	  -0.103933254788462d0	   0.104527217403702d0	   0.004882381719657d0	   0.994510041764578d0	
  -6.903077803691850d0	  -0.216446763396923d0	 198.157768107045655d0	  -0.061506016667560d0	  -0.997991405613679d0	   0.015171164586966d0	   0.992618573639039d0	  -0.062752536860064d0	  -0.103780953861616d0	   0.104524529085173d0	   0.008676026674694d0	   0.994484464122322d0	
  -6.658481199645540d0	  -0.196144096837995d0	 200.484949342207415d0	  -0.054503857669250d0	  -0.998322926265465d0	   0.019510622540833d0	   0.993028292183137d0	  -0.056239394887712d0	  -0.103595083795067d0	   0.104518612806523d0	   0.013728268478686d0	   0.994428174491037d0	
  -6.413884595599232d0	  -0.164016921025412d0	 202.812130577369174d0	  -0.047977405415340d0	  -0.998564129417274d0	   0.023829561698364d0	   0.993365890711456d0	  -0.050196661548405d0	  -0.103462564922933d0	   0.104510170512903d0	   0.018707608359108d0	   0.994347851432710d0	
  -6.169287991552922d0	  -0.120233455243953d0	 205.139311812530934d0	  -0.041957509699057d0	  -0.998753376174860d0	   0.027041837200417d0	   0.993639227311587d0	  -0.044542994099760d0	  -0.103426339122402d0	   0.104501929778707d0	   0.022530318594037d0	   0.994269446084198d0	
  -5.924691387506613d0	  -0.067499123659335d0	 207.466493047692694d0	  -0.036394086258077d0	  -0.998907504703918d0	   0.029313265454952d0	   0.993859297014276d0	  -0.039246151971023d0	  -0.103457417780249d0	   0.104494823908729d0	   0.025368023211528d0	   0.994201838247457d0	
  -5.680094783460304d0	  -0.008118839576294d0	 209.793674282854454d0	  -0.031247174536791d0	  -0.999042121846604d0	   0.030634177966841d0	   0.994034963008613d0	  -0.034265445220437d0	  -0.103539227253782d0	   0.104489743036910d0	   0.027216135656631d0	   0.994153496981226d0	
  -5.435498179413995d0	   0.055590517566292d0	 212.120855518016214d0	  -0.026407110407326d0	  -0.999155055082092d0	   0.031493498120064d0	   0.994175731606195d0	  -0.029542349501998d0	  -0.103642965372425d0	   0.104485784703997d0	   0.028573160304881d0	   0.994115835959262d0	
  -5.190901575367685d0	   0.122479022995464d0	 214.448036753177973d0	  -0.021611984664935d0	  -0.999185473020816d0	   0.034078037252931d0	   0.994292543533293d0	  -0.025043170406443d0	  -0.103707171835365d0	   0.104476121639950d0	   0.031642220531529d0	   0.994023898046173d0	
  -4.946304971321376d0	   0.196558913835679d0	 216.775217988339733d0	  -0.016850203919106d0	  -0.999102742156798d0	   0.038855903575313d0	   0.994386614917286d0	  -0.020805273722709d0	  -0.103741990816958d0	   0.104457315211593d0	   0.036889716725604d0	   0.993844966832700d0	
  -4.701708367275068d0	   0.282939646645396d0	 219.102399223501493d0	  -0.012323984260921d0	  -0.998945280611233d0	   0.044231727939160d0	   0.994455553668002d0	  -0.016864545928360d0	  -0.103796622630497d0	   0.104433094327377d0	   0.042707299553839d0	   0.993614520512874d0	
  -4.457111763228759d0	   0.382965988928342d0	 221.429580458663253d0	  -0.008115981499819d0	  -0.998760828769685d0	   0.049101300996905d0	   0.994501429233965d0	  -0.013188792573743d0	  -0.103889186165111d0	   0.104408036548360d0	   0.047988151305748d0	   0.993376111670888d0	
  -4.212515159182449d0	   0.495387783570651d0	 223.756761693825013d0	  -0.004227353610023d0	  -0.998599359270322d0	   0.052739445829099d0	   0.994527770813091d0	  -0.009703817093781d0	  -0.104020906626288d0	   0.104386984643618d0	   0.052011110339195d0	   0.993175816176721d0	
  -3.967918555136142d0	   0.617258733335868d0	 226.083942928986744d0	  -0.000542748991994d0	  -0.998470521417030d0	   0.055284023774852d0	   0.994538319074606d0	  -0.006308991689434d0	  -0.104181229192794d0	   0.104370672680487d0	   0.054925535819550d0	   0.993020618214525d0	
  -3.723321951089831d0	   0.745978796087725d0	 228.411124164148532d0	   0.003021854983060d0	  -0.998384064034149d0	   0.056746181150093d0	   0.994534996390086d0	  -0.002921573978123d0	  -0.104362854315426d0	   0.104359998791783d0	   0.056751432476534d0	   0.992919062947248d0	
  -3.478725347043524d0	   0.878991519537628d0	 230.738305399310264d0	   0.006607877870668d0	  -0.998327622581795d0	   0.057430775201352d0	   0.994518299327512d0	   0.000567577845649d0	  -0.104561131201337d0	   0.104353669090969d0	   0.057806884067147d0	   0.992858839866826d0	
  -3.234128742997214d0	   1.014486204645412d0	 233.065486634472052d0	   0.010473560081967d0	  -0.998245596714854d0	   0.058275493808430d0	   0.994485900127873d0	   0.004317190050339d0	  -0.104781469339405d0	   0.104346054003265d0	   0.059051591929779d0	   0.992786387147057d0	
  -2.989532138950903d0	   1.152908486039017d0	 235.392667869633812d0	   0.014984618687219d0	  -0.998030841713619d0	   0.060908950009051d0	   0.994430217273165d0	   0.008519314433380d0	  -0.105052197766782d0	   0.104326430864056d0	   0.062143867516826d0	   0.992599685448881d0	
  -2.744935534904593d0	   1.298606741323205d0	 237.719849104795571d0	   0.020228562750450d0	  -0.997747936842057d0	   0.063952011512312d0	   0.994339881596382d0	   0.013403900625689d0	  -0.105397036556585d0	   0.104302469366420d0	   0.065722066122317d0	   0.992371707027503d0	
  -2.500338930858286d0	   1.452729594617809d0	 240.047030339957331d0	   0.025986230383106d0	  -0.997451042973557d0	   0.066453989356851d0	   0.994208359742311d0	   0.018852739305109d0	  -0.105803174050679d0	   0.104280646569580d0	   0.068818537412579d0	   0.992164076984963d0	
  -2.255742326811976d0	   1.614147663073293d0	 242.374211575119091d0	   0.031665943424509d0	  -0.997136004398275d0	   0.068680832549414d0	   0.994045843096882d0	   0.024250907701031d0	  -0.106229728877970d0	   0.104259914870654d0	   0.071635760680467d0	   0.991966828045623d0	
  -2.011145722765667d0	   1.782207111543534d0	 244.701392810280851d0	   0.036889654582608d0	  -0.996837418586402d0	   0.070386890049040d0	   0.993867499437857d0	   0.029249960748468d0	  -0.106638798555479d0	   0.104242730902007d0	   0.073889110849736d0	   0.991803333505150d0	
  -1.766549118719357d0	   1.955581556298211d0	 247.028574045442610d0	   0.041321512379153d0	  -0.996560489052863d0	   0.071831220742932d0	   0.993694676747641d0	   0.033490114640072d0	  -0.107001409452382d0	   0.104227741115745d0	   0.075799761741495d0	   0.991660715215563d0	
  -1.521952514673048d0	   2.133464758131204d0	 249.355755280604370d0	   0.044567666387392d0	  -0.996303835112669d0	   0.073432903065120d0	   0.993556016790664d0	   0.036536779290924d0	  -0.107291683079893d0	   0.104212113556160d0	   0.077741442608115d0	   0.991512028918140d0	
  -1.277355910626742d0	   2.315931960903733d0	 251.682936515766130d0	   0.045926199095810d0	  -0.996095042440987d0	   0.075401927436244d0	   0.993495970903458d0	   0.037672296488838d0	  -0.107454892284404d0	   0.104194721724269d0	   0.079846505882866d0	   0.991346556690999d0	
  -1.032759306580433d0	   2.503371246317781d0	 254.010117750927861d0	   0.046366536476222d0	  -0.995842259804917d0	   0.078411337712330d0	   0.993478239460567d0	   0.037785844026767d0	  -0.107578890631564d0	   0.104168766977067d0	   0.082888018300440d0	   0.991099613766802d0	
  -0.788162702534121d0	   2.697998948850532d0	 256.337298986089650d0	   0.046252677856064d0	  -0.995613922747104d0	   0.081324083906715d0	   0.993486223090887d0	   0.037360423842650d0	  -0.107653719206088d0	   0.104143239433671d0	   0.085773629760924d0	   0.990856735415315d0	
  -0.543566098487814d0	   2.899451665996031d0	 258.664480221251381d0	   0.045600185474645d0	  -0.995403296923633d0	   0.084219353822264d0	   0.993519079889047d0	   0.036403387161163d0	  -0.107678369692412d0	   0.104117534455487d0	   0.088583688547582d0	   0.990612168884582d0	
  -0.298969494441502d0	   3.107555608391035d0	 260.991661456413169d0	   0.044391048705616d0	  -0.995216145146192d0	   0.087030220240845d0	   0.993576475246297d0	   0.034904504712995d0	  -0.107645080648792d0	   0.104092375474625d0	   0.091249657484438d0	   0.990372797171359d0	
  -0.054372890395198d0	   3.321974351736200d0	 263.318842691574901d0	   0.042558674650285d0	  -0.995031986607294d0	   0.090000582444526d0	   0.993659457782769d0	   0.032772135150900d0	  -0.107549379898277d0	   0.104065561886986d0	   0.094007089019450d0	   0.990117682926244d0	
   0.190223713651113d0	   3.542929433451009d0	 265.646023926736689d0	   0.039816216519808d0	  -0.994925652032966d0	   0.092399219849660d0	   0.993775312097001d0	   0.029801185665883d0	  -0.107342994179480d0	   0.104044692169019d0	   0.096098055441248d0	   0.989919120823446d0	
   0.434820317697422d0	   3.768844446762782d0	 267.973205161898420d0	   0.036354546953484d0	  -0.994813946275540d0	   0.094992416599929d0	   0.993910327293317d0	   0.026098949262611d0	  -0.107056555834187d0	   0.104022152522851d0	   0.098305936458518d0	   0.989704670415133d0	
   0.679416921743732d0	   4.000000000000000d0	 270.300386397060208d0	   0.031836633099345d0	  -0.994922295685483d0	   0.095478030671072d0	   0.994065299956396d0	   0.021577034199661d0	  -0.106623688820764d0	   0.104022152522851d0	   0.098305936458518d0	   0.989704670415133d0	
!!
!!
!! beam blade 1: connectivities (1, 2), cross-section property (3):
1	2	71
2	3	72
3	4	73
4	5	74
5	6	75
6	7	76
7	8	77
8	9	78
9	10	79
10	11	80
11	12	81
12	13	82
13	14	83
14	15	84
15	16	85
16	17	86
17	18	87
18	19	88
19	20	89
20	21	90
21	22	91
22	23	92
23	24	93
24	25	94
25	26	95
26	27	96
27	28	97
28	29	98
29	30	99
30	31	100
31	32	101
32	33	102
33	34	103
34	35	104
35	36	105
36	37	106
37	38	107
38	39	108
39	40	109
40	41	110
41	42	111
42	43	112
43	44	113
44	45	114
45	46	115
46	47	116
47	48	117
48	49	118
49	50	119
50	51	120
!!
!!
!! beam blade 2: number of nodes (1), number of elements (2):
51	50
!!
!!
!! beam blade 2: nodal phi (1, 2, 3), nodal d1 (4, 5, 6), nodal d2 (7, 8, 9), nodal d3 (10, 11, 12):
 -12.172880279330599d0	  -3.438120853024222d0	 148.018946752054148d0	  -0.354157019928498d0	   0.488007507559361d0	  -0.797760288433227d0	   0.933685181509440d0	   0.136204135241505d0	  -0.331180336633679d0	  -0.052960240417212d0	  -0.862146800787900d0	  -0.503883028912604d0	
 -12.296810921404491d0	  -5.455604265899221d0	 146.839825456317328d0	  -0.353933910581486d0	   0.489879024195440d0	  -0.796711571771001d0	   0.933758335789661d0	   0.136664936526374d0	  -0.330784016342332d0	  -0.053161614759321d0	  -0.861011751823139d0	  -0.505798977795161d0	
 -12.421215248000676d0	  -7.470471339856508d0	 145.656197353399108d0	  -0.351051936473577d0	   0.492067392260292d0	  -0.796638073012022d0	   0.934834618038275d0	   0.135703447776223d0	  -0.328129259863973d0	  -0.053355176088027d0	  -0.859915260787836d0	  -0.507640590820715d0	
 -12.546075491138600d0	  -9.482820214178274d0	 144.468231494342035d0	  -0.343767027262253d0	   0.494211210106021d0	  -0.798485761158467d0	   0.937531117564697d0	   0.132204344229191d0	  -0.321803379355811d0	  -0.053475551097332d0	  -0.859230639102554d0	  -0.508785882530415d0	
 -12.671219572472154d0	 -11.493601342705933d0	 143.277565095245734d0	  -0.332875689136928d0	   0.496124291489129d0	  -0.801906767009747d0	   0.941450649448821d0	   0.126586497354123d0	  -0.312484452957277d0	  -0.053520558984450d0	  -0.858974124221574d0	  -0.509214103971770d0	
 -12.796469840846873d0	 -13.503795960010862d0	 142.085888393939456d0	  -0.319211754011818d0	   0.497665496227112d0	  -0.806494209505389d0	   0.946172384403802d0	   0.119325261897337d0	  -0.300864256542307d0	  -0.053494626761189d0	  -0.859121956266091d0	  -0.508967375348564d0	
 -12.921658923317040d0	 -15.514328530226985d0	 140.894793837628583d0	  -0.303644495143132d0	   0.498464573922478d0	  -0.811993281446069d0	   0.951289089087228d0	   0.110863270879606d0	  -0.287677604539295d0	  -0.053376863460329d0	  -0.859792070046263d0	  -0.507846932384846d0	
 -13.046570286787890d0	 -17.526395047599717d0	 139.706341601093044d0	  -0.287077275535935d0	   0.498845152367164d0	  -0.817765340321199d0	   0.956427923415328d0	   0.101839536408201d0	  -0.273631752791239d0	  -0.053219030264624d0	  -0.860687064376044d0	  -0.506345249837935d0	
 -13.171109787712702d0	 -19.540515502573225d0	 138.521427400347392d0	  -0.270426334891029d0	   0.498180401154919d0	  -0.823823940719454d0	   0.961282535100947d0	   0.092644853117642d0	  -0.259524216405152d0	  -0.052966830255378d0	  -0.862109748869746d0	  -0.503945727034610d0	
 -13.295055920641415d0	 -21.557913353593385d0	 137.342158718972087d0	  -0.254525468231303d0	   0.496600091332823d0	  -0.829822351657190d0	   0.965632193431654d0	   0.083797991020062d0	  -0.246033257323834d0	  -0.052642692085516d0	  -0.863924907610327d0	  -0.500861758353018d0	
 -13.418240899293011d0	 -23.579515347801451d0	 136.170131936795173d0	  -0.240226794378005d0	   0.495221046951113d0	  -0.834893527295255d0	   0.969303067495707d0	   0.075974240993398d0	  -0.233836434391415d0	  -0.052370321808082d0	  -0.865438634082396d0	  -0.498270328267011d0	
 -13.540787536538152d0	 -25.604643143225086d0	 135.004178567405489d0	  -0.227911904265987d0	   0.495023641038291d0	  -0.838455579447740d0	   0.972278740775057d0	   0.069493454869192d0	  -0.223259288647109d0	  -0.052251450991537d0	  -0.866095984602144d0	  -0.497139347995430d0	
 -13.663055933076844d0	 -27.631307767391313d0	 133.840872481502970d0	  -0.216966013030166d0	   0.495321583930575d0	  -0.841179099646622d0	   0.974782299728714d0	   0.063851003756698d0	  -0.213828242884010d0	  -0.052203614102807d0	  -0.866359958569326d0	  -0.496684210401701d0	
