function [rgb_Color] = RGB_Color
% =================================================================================================================
rgb_Color = [ 
          0.00          0.45          0.74
          0.85          0.33          0.10
          0.93          0.69          0.13
          0.49          0.18          0.56
          0.47          0.67          0.19
          0.30          0.75          0.93
          0.64          0.08          0.18
             0             0          1.00
             0          0.50             0
          1.00             0             0
             0          0.75          0.75
          0.75             0          0.75
          0.75          0.75             0
          0.25          0.25          0.25
          0.06          0.42          0.58
          0.68          0.09          0.54
          0.04          0.60          0.87
          0.07          0.47          0.26
          0.52          0.70          0.32
          0.10          0.70          0.12
          0.82          0.64          0.94
          0.82          0.03          0.65
          0.72          0.07          0.48
          0.15          0.32          0.64
          0.66          0.53          0.54
          0.52          0.65          0.65
          0.97          0.41          0.54
          0.65          0.82          0.72
          0.80          0.72          0.52
          0.45          0.97          0.99
          0.43          0.53          0.22
          0.83          0.33          0.11
          0.08          0.11          0.11
          0.13          0.61          0.06
          0.17          0.78          0.40
          0.39          0.42          0.45
          0.83          0.09          0.37
          0.80          0.27          0.76
          0.06          0.15          0.63
          0.40          0.28          0.77
          0.53          0.44          0.93
          0.42          0.53          0.97
          0.66          0.46          0.19
          0.63          0.88          0.14
          0.29          0.52          0.70
          0.43          0.94          0.09
          0.02          0.64          0.53
          0.98          0.96          0.53
          0.17          0.24          0.86
          0.11          0.68          0.48
          0.37          0.29          0.39
          0.20          0.67          0.67
          0.49          0.70          0.74
          0.34          0.07          0.52
          0.95          0.25          0.35
          0.92          0.22          0.15
          0.05          0.67          0.59
          0.74          0.84          0.26
          0.27          0.34          0.04
          0.42          0.78          0.75
          0.55          0.68          0.24
          0.94          0.01          0.44
          0.42          0.60          0.69
          0.98          0.39          0.36
          0.30          0.92          0.74
          0.70          0.00          0.39
          0.67          0.46          0.68
          0.54          0.42          0.70
          0.70          0.46          0.44
          0.67          0.77          0.02
          0.18          0.32          0.33
          0.13          0.78          0.42
          1.00          0.47          0.27
          0.17          0.04          0.20
          0.03          0.18          0.82
          0.56          0.72          0.43
          0.88          0.47          0.89
          0.67          0.15          0.39
          0.19          0.34          0.77
          0.37          0.61          0.40
          0.46          0.19          0.81
          0.98          0.74          0.76
          0.16          0.24          0.38
          0.86          0.92          0.22
          0.64          0.27          0.79
          0.38          0.77          0.95
          0.19          0.19          0.33
          0.43          0.29          0.67
          0.48          0.09          0.44
          0.12          0.58          0.83
          0.59          0.68          0.77
          0.23          0.55          0.17
          0.38          0.43          0.86
          0.58          0.64          0.99
          0.25          0.65          0.51
          0.29          0.68          0.88
          0.62          0.64          0.59
          0.27          0.95          0.15
          0.82          0.21          0.20
          0.98          0.71          0.41
          0.73          0.24          0.75
          0.34          0.12          0.83
          0.58          0.61          0.79
          0.11          0.45          0.32
          0.91          0.46          0.53
          0.88          0.66          0.09
          0.82          0.77          0.11
          0.26          0.35          0.14
          0.59          0.66          0.68
          0.02          0.42          0.50
          0.43          0.84          0.19
          0.31          0.83          0.50
          0.16          0.26          0.15
          0.18          0.61          0.05];
% =================================================================================================================
return